SUPABASE_URL=
SUPABASE_SERVICE_KEY=
LAT_BASE=-22.798782412241856
LNG_BASE=-43.3489248374091
RADIUS_KM=1
MIN_ACCURACY_OK=1200
